Generation 0:

0 0 0 0 :   0 
 0 0 0 1 :   1 
 0 0 1 0 :   1 
 0 0 1 1 :   0 
 0 1 0 0 :   0 
 0 1 0 1 :   1 
 0 1 1 0 :   1 
 0 1 1 1 :   0 
 1 0 0 0 :   0 
 1 0 0 1 :   1 
 1 0 1 0 :   1 
 1 0 1 1 :   0 
 1 1 0 0 :   0 
 1 1 0 1 :   1 
 1 1 1 0 :   1 
 1 1 1 1 :   0 

Score: 68.75
----------------------------------


Generation 1:

0 0 0 0 :   0 
 0 0 0 1 :   1 
 0 0 1 0 :   1 
 0 0 1 1 :   0 
 0 1 0 0 :   0 
 0 1 0 1 :   1 
 0 1 1 0 :   1 
 0 1 1 1 :   0 
 1 0 0 0 :   0 
 1 0 0 1 :   1 
 1 0 1 0 :   1 
 1 0 1 1 :   0 
 1 1 0 0 :   0 
 1 1 0 1 :   1 
 1 1 1 0 :   1 
 1 1 1 1 :   0 

Score: 68.75
----------------------------------


Generation 2:

0 0 0 0 :   0 
 0 0 0 1 :   1 
 0 0 1 0 :   1 
 0 0 1 1 :   0 
 0 1 0 0 :   0 
 0 1 0 1 :   1 
 0 1 1 0 :   1 
 0 1 1 1 :   0 
 1 0 0 0 :   0 
 1 0 0 1 :   1 
 1 0 1 0 :   1 
 1 0 1 1 :   0 
 1 1 0 0 :   0 
 1 1 0 1 :   1 
 1 1 1 0 :   1 
 1 1 1 1 :   0 

Score: 68.75
----------------------------------


Generation 3:

0 0 0 0 :   0 
 0 0 0 1 :   1 
 0 0 1 0 :   1 
 0 0 1 1 :   0 
 0 1 0 0 :   0 
 0 1 0 1 :   1 
 0 1 1 0 :   1 
 0 1 1 1 :   0 
 1 0 0 0 :   0 
 1 0 0 1 :   1 
 1 0 1 0 :   1 
 1 0 1 1 :   0 
 1 1 0 0 :   0 
 1 1 0 1 :   1 
 1 1 1 0 :   1 
 1 1 1 1 :   0 

Score: 68.75
----------------------------------


Generation 4:

0 0 0 0 :   0 
 0 0 0 1 :   0 
 0 0 1 0 :   0 
 0 0 1 1 :   0 
 0 1 0 0 :   1 
 0 1 0 1 :   1 
 0 1 1 0 :   1 
 0 1 1 1 :   1 
 1 0 0 0 :   1 
 1 0 0 1 :   1 
 1 0 1 0 :   1 
 1 0 1 1 :   1 
 1 1 0 0 :   0 
 1 1 0 1 :   0 
 1 1 1 0 :   0 
 1 1 1 1 :   0 

Score: 68.75
----------------------------------


Generation 5:

0 0 0 0 :   0 
 0 0 0 1 :   0 
 0 0 1 0 :   0 
 0 0 1 1 :   0 
 0 1 0 0 :   0 
 0 1 0 1 :   1 
 0 1 1 0 :   1 
 0 1 1 1 :   0 
 1 0 0 0 :   0 
 1 0 0 1 :   1 
 1 0 1 0 :   1 
 1 0 1 1 :   0 
 1 1 0 0 :   0 
 1 1 0 1 :   0 
 1 1 1 0 :   0 
 1 1 1 1 :   0 

Score: 68.75
----------------------------------


Generation 6:

0 0 0 0 :   0 
 0 0 0 1 :   0 
 0 0 1 0 :   0 
 0 0 1 1 :   0 
 0 1 0 0 :   0 
 0 1 0 1 :   1 
 0 1 1 0 :   1 
 0 1 1 1 :   0 
 1 0 0 0 :   0 
 1 0 0 1 :   1 
 1 0 1 0 :   1 
 1 0 1 1 :   0 
 1 1 0 0 :   0 
 1 1 0 1 :   0 
 1 1 1 0 :   0 
 1 1 1 1 :   0 

Score: 68.75
----------------------------------


Generation 7:

0 0 0 0 :   0 
 0 0 0 1 :   0 
 0 0 1 0 :   0 
 0 0 1 1 :   0 
 0 1 0 0 :   0 
 0 1 0 1 :   1 
 0 1 1 0 :   1 
 0 1 1 1 :   0 
 1 0 0 0 :   0 
 1 0 0 1 :   1 
 1 0 1 0 :   1 
 1 0 1 1 :   0 
 1 1 0 0 :   0 
 1 1 0 1 :   0 
 1 1 1 0 :   0 
 1 1 1 1 :   0 

Score: 68.75
----------------------------------


Generation 8:

0 0 0 0 :   0 
 0 0 0 1 :   0 
 0 0 1 0 :   0 
 0 0 1 1 :   0 
 0 1 0 0 :   0 
 0 1 0 1 :   1 
 0 1 1 0 :   1 
 0 1 1 1 :   0 
 1 0 0 0 :   0 
 1 0 0 1 :   1 
 1 0 1 0 :   1 
 1 0 1 1 :   0 
 1 1 0 0 :   0 
 1 1 0 1 :   0 
 1 1 1 0 :   0 
 1 1 1 1 :   0 

Score: 68.75
----------------------------------


Generation 9:

0 0 0 0 :   0 
 0 0 0 1 :   0 
 0 0 1 0 :   0 
 0 0 1 1 :   0 
 0 1 0 0 :   0 
 0 1 0 1 :   0 
 0 1 1 0 :   0 
 0 1 1 1 :   0 
 1 0 0 0 :   0 
 1 0 0 1 :   0 
 1 0 1 0 :   0 
 1 0 1 1 :   0 
 1 1 0 0 :   0 
 1 1 0 1 :   0 
 1 1 1 0 :   0 
 1 1 1 1 :   0 

Score: 68.75
----------------------------------


Generation 10:

0 0 0 0 :   0 
 0 0 0 1 :   1 
 0 0 1 0 :   1 
 0 0 1 1 :   0 
 0 1 0 0 :   0 
 0 1 0 1 :   1 
 0 1 1 0 :   1 
 0 1 1 1 :   0 
 1 0 0 0 :   0 
 1 0 0 1 :   1 
 1 0 1 0 :   1 
 1 0 1 1 :   0 
 1 1 0 0 :   0 
 1 1 0 1 :   1 
 1 1 1 0 :   1 
 1 1 1 1 :   0 

Score: 68.75
----------------------------------


Generation 11:

0 0 0 0 :   0 
 0 0 0 1 :   0 
 0 0 1 0 :   0 
 0 0 1 1 :   0 
 0 1 0 0 :   0 
 0 1 0 1 :   0 
 0 1 1 0 :   0 
 0 1 1 1 :   0 
 1 0 0 0 :   0 
 1 0 0 1 :   0 
 1 0 1 0 :   0 
 1 0 1 1 :   0 
 1 1 0 0 :   0 
 1 1 0 1 :   0 
 1 1 1 0 :   0 
 1 1 1 1 :   0 

Score: 56.25
----------------------------------


Generation 12:

0 0 0 0 :   0 
 0 0 0 1 :   0 
 0 0 1 0 :   0 
 0 0 1 1 :   0 
 0 1 0 0 :   0 
 0 1 0 1 :   0 
 0 1 1 0 :   0 
 0 1 1 1 :   0 
 1 0 0 0 :   0 
 1 0 0 1 :   0 
 1 0 1 0 :   0 
 1 0 1 1 :   0 
 1 1 0 0 :   0 
 1 1 0 1 :   0 
 1 1 1 0 :   0 
 1 1 1 1 :   0 

Score: 56.25
----------------------------------


Generation 13:

0 0 0 0 :   0 
 0 0 0 1 :   0 
 0 0 1 0 :   0 
 0 0 1 1 :   0 
 0 1 0 0 :   0 
 0 1 0 1 :   0 
 0 1 1 0 :   0 
 0 1 1 1 :   0 
 1 0 0 0 :   0 
 1 0 0 1 :   0 
 1 0 1 0 :   0 
 1 0 1 1 :   0 
 1 1 0 0 :   0 
 1 1 0 1 :   0 
 1 1 1 0 :   0 
 1 1 1 1 :   0 

Score: 56.25
----------------------------------


Generation 14:

0 0 0 0 :   0 
 0 0 0 1 :   0 
 0 0 1 0 :   0 
 0 0 1 1 :   0 
 0 1 0 0 :   0 
 0 1 0 1 :   0 
 0 1 1 0 :   0 
 0 1 1 1 :   0 
 1 0 0 0 :   0 
 1 0 0 1 :   0 
 1 0 1 0 :   0 
 1 0 1 1 :   0 
 1 1 0 0 :   0 
 1 1 0 1 :   0 
 1 1 1 0 :   0 
 1 1 1 1 :   0 

Score: 56.25
----------------------------------


Generation 15:

0 0 0 0 :   0 
 0 0 0 1 :   0 
 0 0 1 0 :   0 
 0 0 1 1 :   0 
 0 1 0 0 :   0 
 0 1 0 1 :   0 
 0 1 1 0 :   0 
 0 1 1 1 :   0 
 1 0 0 0 :   0 
 1 0 0 1 :   0 
 1 0 1 0 :   0 
 1 0 1 1 :   0 
 1 1 0 0 :   0 
 1 1 0 1 :   0 
 1 1 1 0 :   0 
 1 1 1 1 :   0 

Score: 56.25
----------------------------------


Generation 16:

0 0 0 0 :   0 
 0 0 0 1 :   0 
 0 0 1 0 :   0 
 0 0 1 1 :   0 
 0 1 0 0 :   0 
 0 1 0 1 :   0 
 0 1 1 0 :   0 
 0 1 1 1 :   0 
 1 0 0 0 :   0 
 1 0 0 1 :   0 
 1 0 1 0 :   0 
 1 0 1 1 :   0 
 1 1 0 0 :   0 
 1 1 0 1 :   0 
 1 1 1 0 :   0 
 1 1 1 1 :   0 

Score: 56.25
----------------------------------


Generation 17:

0 0 0 0 :   0 
 0 0 0 1 :   0 
 0 0 1 0 :   0 
 0 0 1 1 :   0 
 0 1 0 0 :   0 
 0 1 0 1 :   0 
 0 1 1 0 :   0 
 0 1 1 1 :   0 
 1 0 0 0 :   0 
 1 0 0 1 :   0 
 1 0 1 0 :   0 
 1 0 1 1 :   0 
 1 1 0 0 :   0 
 1 1 0 1 :   0 
 1 1 1 0 :   0 
 1 1 1 1 :   0 

Score: 56.25
----------------------------------


Generation 18:

0 0 0 0 :   0 
 0 0 0 1 :   0 
 0 0 1 0 :   0 
 0 0 1 1 :   0 
 0 1 0 0 :   0 
 0 1 0 1 :   0 
 0 1 1 0 :   0 
 0 1 1 1 :   0 
 1 0 0 0 :   0 
 1 0 0 1 :   0 
 1 0 1 0 :   0 
 1 0 1 1 :   0 
 1 1 0 0 :   0 
 1 1 0 1 :   0 
 1 1 1 0 :   0 
 1 1 1 1 :   0 

Score: 56.25
----------------------------------


Generation 19:

0 0 0 0 :   0 
 0 0 0 1 :   0 
 0 0 1 0 :   1 
 0 0 1 1 :   0 
 0 1 0 0 :   0 
 0 1 0 1 :   1 
 0 1 1 0 :   0 
 0 1 1 1 :   0 
 1 0 0 0 :   0 
 1 0 0 1 :   0 
 1 0 1 0 :   1 
 1 0 1 1 :   0 
 1 1 0 0 :   0 
 1 1 0 1 :   1 
 1 1 1 0 :   0 
 1 1 1 1 :   0 

Score: 68.75
----------------------------------


Generation 20:

0 0 0 0 :   0 
 0 0 0 1 :   0 
 0 0 1 0 :   0 
 0 0 1 1 :   0 
 0 1 0 0 :   0 
 0 1 0 1 :   0 
 0 1 1 0 :   0 
 0 1 1 1 :   0 
 1 0 0 0 :   0 
 1 0 0 1 :   0 
 1 0 1 0 :   0 
 1 0 1 1 :   0 
 1 1 0 0 :   0 
 1 1 0 1 :   0 
 1 1 1 0 :   0 
 1 1 1 1 :   0 

Score: 56.25
----------------------------------


Generation 21:

0 0 0 0 :   0 
 0 0 0 1 :   0 
 0 0 1 0 :   0 
 0 0 1 1 :   0 
 0 1 0 0 :   0 
 0 1 0 1 :   0 
 0 1 1 0 :   0 
 0 1 1 1 :   0 
 1 0 0 0 :   0 
 1 0 0 1 :   0 
 1 0 1 0 :   0 
 1 0 1 1 :   0 
 1 1 0 0 :   0 
 1 1 0 1 :   0 
 1 1 1 0 :   0 
 1 1 1 1 :   0 

Score: 56.25
----------------------------------


Generation 22:

0 0 0 0 :   0 
 0 0 0 1 :   0 
 0 0 1 0 :   0 
 0 0 1 1 :   0 
 0 1 0 0 :   0 
 0 1 0 1 :   0 
 0 1 1 0 :   0 
 0 1 1 1 :   0 
 1 0 0 0 :   0 
 1 0 0 1 :   0 
 1 0 1 0 :   0 
 1 0 1 1 :   0 
 1 1 0 0 :   0 
 1 1 0 1 :   0 
 1 1 1 0 :   0 
 1 1 1 1 :   0 

Score: 56.25
----------------------------------


Generation 23:

0 0 0 0 :   0 
 0 0 0 1 :   0 
 0 0 1 0 :   0 
 0 0 1 1 :   0 
 0 1 0 0 :   0 
 0 1 0 1 :   0 
 0 1 1 0 :   0 
 0 1 1 1 :   0 
 1 0 0 0 :   0 
 1 0 0 1 :   0 
 1 0 1 0 :   0 
 1 0 1 1 :   0 
 1 1 0 0 :   0 
 1 1 0 1 :   0 
 1 1 1 0 :   0 
 1 1 1 1 :   0 

Score: 56.25
----------------------------------


Generation 24:

0 0 0 0 :   0 
 0 0 0 1 :   0 
 0 0 1 0 :   0 
 0 0 1 1 :   0 
 0 1 0 0 :   0 
 0 1 0 1 :   0 
 0 1 1 0 :   0 
 0 1 1 1 :   0 
 1 0 0 0 :   0 
 1 0 0 1 :   0 
 1 0 1 0 :   0 
 1 0 1 1 :   0 
 1 1 0 0 :   0 
 1 1 0 1 :   0 
 1 1 1 0 :   0 
 1 1 1 1 :   0 

Score: 56.25
----------------------------------


Generation 25:

0 0 0 0 :   0 
 0 0 0 1 :   0 
 0 0 1 0 :   0 
 0 0 1 1 :   0 
 0 1 0 0 :   0 
 0 1 0 1 :   0 
 0 1 1 0 :   0 
 0 1 1 1 :   0 
 1 0 0 0 :   0 
 1 0 0 1 :   0 
 1 0 1 0 :   0 
 1 0 1 1 :   0 
 1 1 0 0 :   0 
 1 1 0 1 :   0 
 1 1 1 0 :   0 
 1 1 1 1 :   0 

Score: 56.25
----------------------------------


Generation 26:

0 0 0 0 :   0 
 0 0 0 1 :   0 
 0 0 1 0 :   0 
 0 0 1 1 :   0 
 0 1 0 0 :   0 
 0 1 0 1 :   0 
 0 1 1 0 :   0 
 0 1 1 1 :   0 
 1 0 0 0 :   0 
 1 0 0 1 :   0 
 1 0 1 0 :   0 
 1 0 1 1 :   0 
 1 1 0 0 :   0 
 1 1 0 1 :   0 
 1 1 1 0 :   0 
 1 1 1 1 :   0 

Score: 56.25
----------------------------------


Generation 27:

0 0 0 0 :   1 
 0 0 0 1 :   1 
 0 0 1 0 :   1 
 0 0 1 1 :   1 
 0 1 0 0 :   1 
 0 1 0 1 :   1 
 0 1 1 0 :   1 
 0 1 1 1 :   1 
 1 0 0 0 :   1 
 1 0 0 1 :   1 
 1 0 1 0 :   1 
 1 0 1 1 :   1 
 1 1 0 0 :   1 
 1 1 0 1 :   1 
 1 1 1 0 :   1 
 1 1 1 1 :   1 

Score: 56.25
----------------------------------


Generation 28:

0 0 0 0 :   0 
 0 0 0 1 :   0 
 0 0 1 0 :   0 
 0 0 1 1 :   0 
 0 1 0 0 :   0 
 0 1 0 1 :   0 
 0 1 1 0 :   0 
 0 1 1 1 :   0 
 1 0 0 0 :   0 
 1 0 0 1 :   0 
 1 0 1 0 :   0 
 1 0 1 1 :   0 
 1 1 0 0 :   0 
 1 1 0 1 :   0 
 1 1 1 0 :   0 
 1 1 1 1 :   0 

Score: 56.25
----------------------------------


Generation 29:

0 0 0 0 :   0 
 0 0 0 1 :   0 
 0 0 1 0 :   0 
 0 0 1 1 :   0 
 0 1 0 0 :   0 
 0 1 0 1 :   0 
 0 1 1 0 :   0 
 0 1 1 1 :   0 
 1 0 0 0 :   0 
 1 0 0 1 :   0 
 1 0 1 0 :   0 
 1 0 1 1 :   0 
 1 1 0 0 :   0 
 1 1 0 1 :   0 
 1 1 1 0 :   0 
 1 1 1 1 :   0 

Score: 56.25
----------------------------------


Generation 30:

0 0 0 0 :   0 
 0 0 0 1 :   0 
 0 0 1 0 :   0 
 0 0 1 1 :   0 
 0 1 0 0 :   0 
 0 1 0 1 :   0 
 0 1 1 0 :   0 
 0 1 1 1 :   0 
 1 0 0 0 :   0 
 1 0 0 1 :   0 
 1 0 1 0 :   0 
 1 0 1 1 :   0 
 1 1 0 0 :   0 
 1 1 0 1 :   0 
 1 1 1 0 :   0 
 1 1 1 1 :   0 

Score: 56.25
----------------------------------


Generation 31:

0 0 0 0 :   0 
 0 0 0 1 :   0 
 0 0 1 0 :   0 
 0 0 1 1 :   0 
 0 1 0 0 :   0 
 0 1 0 1 :   0 
 0 1 1 0 :   0 
 0 1 1 1 :   0 
 1 0 0 0 :   0 
 1 0 0 1 :   0 
 1 0 1 0 :   0 
 1 0 1 1 :   0 
 1 1 0 0 :   0 
 1 1 0 1 :   0 
 1 1 1 0 :   0 
 1 1 1 1 :   0 

Score: 56.25
----------------------------------


Generation 32:

0 0 0 0 :   0 
 0 0 0 1 :   0 
 0 0 1 0 :   0 
 0 0 1 1 :   0 
 0 1 0 0 :   0 
 0 1 0 1 :   0 
 0 1 1 0 :   0 
 0 1 1 1 :   0 
 1 0 0 0 :   0 
 1 0 0 1 :   0 
 1 0 1 0 :   0 
 1 0 1 1 :   0 
 1 1 0 0 :   0 
 1 1 0 1 :   0 
 1 1 1 0 :   0 
 1 1 1 1 :   0 

Score: 56.25
----------------------------------


Generation 33:

0 0 0 0 :   0 
 0 0 0 1 :   0 
 0 0 1 0 :   0 
 0 0 1 1 :   0 
 0 1 0 0 :   0 
 0 1 0 1 :   0 
 0 1 1 0 :   0 
 0 1 1 1 :   0 
 1 0 0 0 :   0 
 1 0 0 1 :   0 
 1 0 1 0 :   0 
 1 0 1 1 :   0 
 1 1 0 0 :   0 
 1 1 0 1 :   0 
 1 1 1 0 :   0 
 1 1 1 1 :   0 

Score: 56.25
----------------------------------


Generation 34:

0 0 0 0 :   0 
 0 0 0 1 :   0 
 0 0 1 0 :   0 
 0 0 1 1 :   0 
 0 1 0 0 :   0 
 0 1 0 1 :   0 
 0 1 1 0 :   0 
 0 1 1 1 :   0 
 1 0 0 0 :   0 
 1 0 0 1 :   0 
 1 0 1 0 :   0 
 1 0 1 1 :   0 
 1 1 0 0 :   0 
 1 1 0 1 :   0 
 1 1 1 0 :   0 
 1 1 1 1 :   0 

Score: 56.25
----------------------------------


Generation 35:

0 0 0 0 :   1 
 0 0 0 1 :   1 
 0 0 1 0 :   1 
 0 0 1 1 :   1 
 0 1 0 0 :   1 
 0 1 0 1 :   1 
 0 1 1 0 :   1 
 0 1 1 1 :   1 
 1 0 0 0 :   1 
 1 0 0 1 :   1 
 1 0 1 0 :   1 
 1 0 1 1 :   1 
 1 1 0 0 :   1 
 1 1 0 1 :   1 
 1 1 1 0 :   1 
 1 1 1 1 :   1 

Score: 43.75
----------------------------------


Generation 36:

0 0 0 0 :   1 
 0 0 0 1 :   1 
 0 0 1 0 :   1 
 0 0 1 1 :   1 
 0 1 0 0 :   1 
 0 1 0 1 :   1 
 0 1 1 0 :   1 
 0 1 1 1 :   1 
 1 0 0 0 :   1 
 1 0 0 1 :   1 
 1 0 1 0 :   1 
 1 0 1 1 :   1 
 1 1 0 0 :   1 
 1 1 0 1 :   1 
 1 1 1 0 :   1 
 1 1 1 1 :   1 

Score: 43.75
----------------------------------


Generation 37:

0 0 0 0 :   0 
 0 0 0 1 :   0 
 0 0 1 0 :   0 
 0 0 1 1 :   0 
 0 1 0 0 :   0 
 0 1 0 1 :   0 
 0 1 1 0 :   0 
 0 1 1 1 :   0 
 1 0 0 0 :   0 
 1 0 0 1 :   0 
 1 0 1 0 :   0 
 1 0 1 1 :   0 
 1 1 0 0 :   0 
 1 1 0 1 :   0 
 1 1 1 0 :   0 
 1 1 1 1 :   0 

Score: 56.25
----------------------------------


Generation 38:

0 0 0 0 :   1 
 0 0 0 1 :   1 
 0 0 1 0 :   1 
 0 0 1 1 :   1 
 0 1 0 0 :   1 
 0 1 0 1 :   1 
 0 1 1 0 :   1 
 0 1 1 1 :   1 
 1 0 0 0 :   1 
 1 0 0 1 :   1 
 1 0 1 0 :   1 
 1 0 1 1 :   1 
 1 1 0 0 :   1 
 1 1 0 1 :   1 
 1 1 1 0 :   1 
 1 1 1 1 :   1 

Score: 43.75
----------------------------------


Generation 39:

0 0 0 0 :   1 
 0 0 0 1 :   1 
 0 0 1 0 :   1 
 0 0 1 1 :   1 
 0 1 0 0 :   1 
 0 1 0 1 :   1 
 0 1 1 0 :   1 
 0 1 1 1 :   1 
 1 0 0 0 :   1 
 1 0 0 1 :   1 
 1 0 1 0 :   1 
 1 0 1 1 :   1 
 1 1 0 0 :   1 
 1 1 0 1 :   1 
 1 1 1 0 :   1 
 1 1 1 1 :   1 

Score: 43.75
----------------------------------


Generation 40:

0 0 0 0 :   0 
 0 0 0 1 :   0 
 0 0 1 0 :   0 
 0 0 1 1 :   0 
 0 1 0 0 :   0 
 0 1 0 1 :   0 
 0 1 1 0 :   0 
 0 1 1 1 :   0 
 1 0 0 0 :   0 
 1 0 0 1 :   0 
 1 0 1 0 :   0 
 1 0 1 1 :   0 
 1 1 0 0 :   0 
 1 1 0 1 :   0 
 1 1 1 0 :   0 
 1 1 1 1 :   0 

Score: 56.25
----------------------------------


Generation 41:

0 0 0 0 :   0 
 0 0 0 1 :   0 
 0 0 1 0 :   0 
 0 0 1 1 :   0 
 0 1 0 0 :   0 
 0 1 0 1 :   0 
 0 1 1 0 :   0 
 0 1 1 1 :   0 
 1 0 0 0 :   0 
 1 0 0 1 :   0 
 1 0 1 0 :   0 
 1 0 1 1 :   0 
 1 1 0 0 :   0 
 1 1 0 1 :   0 
 1 1 1 0 :   0 
 1 1 1 1 :   0 

Score: 43.75
----------------------------------


Generation 42:

0 0 0 0 :   0 
 0 0 0 1 :   0 
 0 0 1 0 :   0 
 0 0 1 1 :   0 
 0 1 0 0 :   0 
 0 1 0 1 :   0 
 0 1 1 0 :   0 
 0 1 1 1 :   0 
 1 0 0 0 :   0 
 1 0 0 1 :   0 
 1 0 1 0 :   0 
 1 0 1 1 :   0 
 1 1 0 0 :   0 
 1 1 0 1 :   0 
 1 1 1 0 :   0 
 1 1 1 1 :   0 

Score: 43.75
----------------------------------


Generation 43:

0 0 0 0 :   0 
 0 0 0 1 :   0 
 0 0 1 0 :   0 
 0 0 1 1 :   0 
 0 1 0 0 :   0 
 0 1 0 1 :   0 
 0 1 1 0 :   0 
 0 1 1 1 :   0 
 1 0 0 0 :   0 
 1 0 0 1 :   0 
 1 0 1 0 :   0 
 1 0 1 1 :   0 
 1 1 0 0 :   0 
 1 1 0 1 :   0 
 1 1 1 0 :   0 
 1 1 1 1 :   0 

Score: 56.25
----------------------------------


Generation 44:

0 0 0 0 :   1 
 0 0 0 1 :   1 
 0 0 1 0 :   1 
 0 0 1 1 :   1 
 0 1 0 0 :   1 
 0 1 0 1 :   1 
 0 1 1 0 :   1 
 0 1 1 1 :   1 
 1 0 0 0 :   1 
 1 0 0 1 :   1 
 1 0 1 0 :   1 
 1 0 1 1 :   1 
 1 1 0 0 :   1 
 1 1 0 1 :   1 
 1 1 1 0 :   1 
 1 1 1 1 :   1 

Score: 43.75
----------------------------------


Generation 45:

0 0 0 0 :   0 
 0 0 0 1 :   0 
 0 0 1 0 :   0 
 0 0 1 1 :   0 
 0 1 0 0 :   0 
 0 1 0 1 :   0 
 0 1 1 0 :   0 
 0 1 1 1 :   0 
 1 0 0 0 :   0 
 1 0 0 1 :   0 
 1 0 1 0 :   0 
 1 0 1 1 :   0 
 1 1 0 0 :   0 
 1 1 0 1 :   0 
 1 1 1 0 :   0 
 1 1 1 1 :   0 

Score: 56.25
----------------------------------


Generation 46:

0 0 0 0 :   1 
 0 0 0 1 :   1 
 0 0 1 0 :   1 
 0 0 1 1 :   1 
 0 1 0 0 :   1 
 0 1 0 1 :   1 
 0 1 1 0 :   1 
 0 1 1 1 :   1 
 1 0 0 0 :   1 
 1 0 0 1 :   1 
 1 0 1 0 :   1 
 1 0 1 1 :   1 
 1 1 0 0 :   1 
 1 1 0 1 :   1 
 1 1 1 0 :   1 
 1 1 1 1 :   1 

Score: 43.75
----------------------------------


Generation 47:

0 0 0 0 :   1 
 0 0 0 1 :   1 
 0 0 1 0 :   1 
 0 0 1 1 :   1 
 0 1 0 0 :   1 
 0 1 0 1 :   1 
 0 1 1 0 :   1 
 0 1 1 1 :   1 
 1 0 0 0 :   1 
 1 0 0 1 :   1 
 1 0 1 0 :   1 
 1 0 1 1 :   1 
 1 1 0 0 :   1 
 1 1 0 1 :   1 
 1 1 1 0 :   1 
 1 1 1 1 :   1 

Score: 43.75
----------------------------------


Generation 48:

0 0 0 0 :   1 
 0 0 0 1 :   1 
 0 0 1 0 :   1 
 0 0 1 1 :   1 
 0 1 0 0 :   1 
 0 1 0 1 :   1 
 0 1 1 0 :   1 
 0 1 1 1 :   1 
 1 0 0 0 :   1 
 1 0 0 1 :   1 
 1 0 1 0 :   1 
 1 0 1 1 :   1 
 1 1 0 0 :   1 
 1 1 0 1 :   1 
 1 1 1 0 :   1 
 1 1 1 1 :   1 

Score: 43.75
----------------------------------


Generation 49:

0 0 0 0 :   0 
 0 0 0 1 :   0 
 0 0 1 0 :   1 
 0 0 1 1 :   1 
 0 1 0 0 :   0 
 0 1 0 1 :   0 
 0 1 1 0 :   1 
 0 1 1 1 :   1 
 1 0 0 0 :   1 
 1 0 0 1 :   1 
 1 0 1 0 :   0 
 1 0 1 1 :   0 
 1 1 0 0 :   1 
 1 1 0 1 :   1 
 1 1 1 0 :   0 
 1 1 1 1 :   0 

Score: 43.75
----------------------------------


Generation 50:

0 0 0 0 :   0 
 0 0 0 1 :   0 
 0 0 1 0 :   0 
 0 0 1 1 :   0 
 0 1 0 0 :   0 
 0 1 0 1 :   0 
 0 1 1 0 :   0 
 0 1 1 1 :   0 
 1 0 0 0 :   0 
 1 0 0 1 :   0 
 1 0 1 0 :   0 
 1 0 1 1 :   0 
 1 1 0 0 :   0 
 1 1 0 1 :   0 
 1 1 1 0 :   0 
 1 1 1 1 :   0 

Score: 56.25
----------------------------------


Generation 51:

0 0 0 0 :   0 
 0 0 0 1 :   0 
 0 0 1 0 :   0 
 0 0 1 1 :   0 
 0 1 0 0 :   0 
 0 1 0 1 :   0 
 0 1 1 0 :   0 
 0 1 1 1 :   0 
 1 0 0 0 :   0 
 1 0 0 1 :   0 
 1 0 1 0 :   0 
 1 0 1 1 :   0 
 1 1 0 0 :   0 
 1 1 0 1 :   0 
 1 1 1 0 :   0 
 1 1 1 1 :   0 

Score: 56.25
----------------------------------


Generation 52:

0 0 0 0 :   1 
 0 0 0 1 :   0 
 0 0 1 0 :   1 
 0 0 1 1 :   0 
 0 1 0 0 :   1 
 0 1 0 1 :   0 
 0 1 1 0 :   1 
 0 1 1 1 :   0 
 1 0 0 0 :   0 
 1 0 0 1 :   1 
 1 0 1 0 :   0 
 1 0 1 1 :   1 
 1 1 0 0 :   0 
 1 1 0 1 :   1 
 1 1 1 0 :   0 
 1 1 1 1 :   1 

Score: 43.75
----------------------------------


Generation 53:

0 0 0 0 :   0 
 0 0 0 1 :   0 
 0 0 1 0 :   0 
 0 0 1 1 :   0 
 0 1 0 0 :   0 
 0 1 0 1 :   0 
 0 1 1 0 :   0 
 0 1 1 1 :   0 
 1 0 0 0 :   0 
 1 0 0 1 :   0 
 1 0 1 0 :   0 
 1 0 1 1 :   0 
 1 1 0 0 :   0 
 1 1 0 1 :   0 
 1 1 1 0 :   0 
 1 1 1 1 :   0 

Score: 56.25
----------------------------------


Generation 54:

0 0 0 0 :   0 
 0 0 0 1 :   0 
 0 0 1 0 :   0 
 0 0 1 1 :   0 
 0 1 0 0 :   0 
 0 1 0 1 :   0 
 0 1 1 0 :   0 
 0 1 1 1 :   0 
 1 0 0 0 :   0 
 1 0 0 1 :   0 
 1 0 1 0 :   0 
 1 0 1 1 :   0 
 1 1 0 0 :   0 
 1 1 0 1 :   0 
 1 1 1 0 :   0 
 1 1 1 1 :   0 

Score: 56.25
----------------------------------


Generation 55:

0 0 0 0 :   1 
 0 0 0 1 :   1 
 0 0 1 0 :   1 
 0 0 1 1 :   1 
 0 1 0 0 :   1 
 0 1 0 1 :   1 
 0 1 1 0 :   1 
 0 1 1 1 :   1 
 1 0 0 0 :   1 
 1 0 0 1 :   1 
 1 0 1 0 :   1 
 1 0 1 1 :   1 
 1 1 0 0 :   1 
 1 1 0 1 :   1 
 1 1 1 0 :   1 
 1 1 1 1 :   1 

Score: 43.75
----------------------------------


Generation 56:

0 0 0 0 :   0 
 0 0 0 1 :   0 
 0 0 1 0 :   0 
 0 0 1 1 :   0 
 0 1 0 0 :   0 
 0 1 0 1 :   0 
 0 1 1 0 :   0 
 0 1 1 1 :   0 
 1 0 0 0 :   0 
 1 0 0 1 :   0 
 1 0 1 0 :   0 
 1 0 1 1 :   0 
 1 1 0 0 :   0 
 1 1 0 1 :   0 
 1 1 1 0 :   0 
 1 1 1 1 :   0 

Score: 56.25
----------------------------------


Generation 57:

0 0 0 0 :   0 
 0 0 0 1 :   0 
 0 0 1 0 :   0 
 0 0 1 1 :   0 
 0 1 0 0 :   0 
 0 1 0 1 :   0 
 0 1 1 0 :   0 
 0 1 1 1 :   0 
 1 0 0 0 :   0 
 1 0 0 1 :   0 
 1 0 1 0 :   0 
 1 0 1 1 :   0 
 1 1 0 0 :   0 
 1 1 0 1 :   0 
 1 1 1 0 :   0 
 1 1 1 1 :   0 

Score: 56.25
----------------------------------


Generation 58:

0 0 0 0 :   1 
 0 0 0 1 :   1 
 0 0 1 0 :   1 
 0 0 1 1 :   1 
 0 1 0 0 :   1 
 0 1 0 1 :   1 
 0 1 1 0 :   1 
 0 1 1 1 :   1 
 1 0 0 0 :   1 
 1 0 0 1 :   1 
 1 0 1 0 :   1 
 1 0 1 1 :   1 
 1 1 0 0 :   1 
 1 1 0 1 :   1 
 1 1 1 0 :   1 
 1 1 1 1 :   1 

Score: 43.75
----------------------------------


Generation 59:

0 0 0 0 :   1 
 0 0 0 1 :   1 
 0 0 1 0 :   1 
 0 0 1 1 :   1 
 0 1 0 0 :   1 
 0 1 0 1 :   1 
 0 1 1 0 :   1 
 0 1 1 1 :   1 
 1 0 0 0 :   1 
 1 0 0 1 :   1 
 1 0 1 0 :   1 
 1 0 1 1 :   1 
 1 1 0 0 :   1 
 1 1 0 1 :   1 
 1 1 1 0 :   1 
 1 1 1 1 :   1 

Score: 43.75
----------------------------------


Generation 60:

0 0 0 0 :   0 
 0 0 0 1 :   0 
 0 0 1 0 :   0 
 0 0 1 1 :   0 
 0 1 0 0 :   0 
 0 1 0 1 :   0 
 0 1 1 0 :   0 
 0 1 1 1 :   0 
 1 0 0 0 :   0 
 1 0 0 1 :   0 
 1 0 1 0 :   0 
 1 0 1 1 :   0 
 1 1 0 0 :   0 
 1 1 0 1 :   0 
 1 1 1 0 :   0 
 1 1 1 1 :   0 

Score: 56.25
----------------------------------


Generation 61:

0 0 0 0 :   0 
 0 0 0 1 :   0 
 0 0 1 0 :   0 
 0 0 1 1 :   0 
 0 1 0 0 :   0 
 0 1 0 1 :   0 
 0 1 1 0 :   0 
 0 1 1 1 :   0 
 1 0 0 0 :   0 
 1 0 0 1 :   0 
 1 0 1 0 :   0 
 1 0 1 1 :   0 
 1 1 0 0 :   0 
 1 1 0 1 :   0 
 1 1 1 0 :   0 
 1 1 1 1 :   0 

Score: 56.25
----------------------------------


Generation 62:

0 0 0 0 :   0 
 0 0 0 1 :   0 
 0 0 1 0 :   0 
 0 0 1 1 :   0 
 0 1 0 0 :   0 
 0 1 0 1 :   0 
 0 1 1 0 :   0 
 0 1 1 1 :   0 
 1 0 0 0 :   0 
 1 0 0 1 :   0 
 1 0 1 0 :   0 
 1 0 1 1 :   0 
 1 1 0 0 :   0 
 1 1 0 1 :   0 
 1 1 1 0 :   0 
 1 1 1 1 :   0 

Score: 56.25
----------------------------------


Generation 63:

0 0 0 0 :   1 
 0 0 0 1 :   1 
 0 0 1 0 :   1 
 0 0 1 1 :   1 
 0 1 0 0 :   1 
 0 1 0 1 :   1 
 0 1 1 0 :   1 
 0 1 1 1 :   1 
 1 0 0 0 :   1 
 1 0 0 1 :   1 
 1 0 1 0 :   1 
 1 0 1 1 :   1 
 1 1 0 0 :   1 
 1 1 0 1 :   1 
 1 1 1 0 :   1 
 1 1 1 1 :   1 

Score: 43.75
----------------------------------


Generation 64:

0 0 0 0 :   0 
 0 0 0 1 :   0 
 0 0 1 0 :   0 
 0 0 1 1 :   0 
 0 1 0 0 :   0 
 0 1 0 1 :   0 
 0 1 1 0 :   0 
 0 1 1 1 :   0 
 1 0 0 0 :   0 
 1 0 0 1 :   0 
 1 0 1 0 :   0 
 1 0 1 1 :   0 
 1 1 0 0 :   0 
 1 1 0 1 :   0 
 1 1 1 0 :   0 
 1 1 1 1 :   0 

Score: 43.75
----------------------------------


Generation 65:

0 0 0 0 :   1 
 0 0 0 1 :   1 
 0 0 1 0 :   1 
 0 0 1 1 :   1 
 0 1 0 0 :   1 
 0 1 0 1 :   1 
 0 1 1 0 :   1 
 0 1 1 1 :   1 
 1 0 0 0 :   1 
 1 0 0 1 :   1 
 1 0 1 0 :   1 
 1 0 1 1 :   1 
 1 1 0 0 :   1 
 1 1 0 1 :   1 
 1 1 1 0 :   1 
 1 1 1 1 :   1 

Score: 43.75
----------------------------------


Generation 66:

0 0 0 0 :   1 
 0 0 0 1 :   0 
 0 0 1 0 :   1 
 0 0 1 1 :   0 
 0 1 0 0 :   1 
 0 1 0 1 :   0 
 0 1 1 0 :   1 
 0 1 1 1 :   0 
 1 0 0 0 :   0 
 1 0 0 1 :   1 
 1 0 1 0 :   0 
 1 0 1 1 :   1 
 1 1 0 0 :   0 
 1 1 0 1 :   1 
 1 1 1 0 :   0 
 1 1 1 1 :   1 

Score: 43.75
----------------------------------


Generation 67:

0 0 0 0 :   1 
 0 0 0 1 :   1 
 0 0 1 0 :   1 
 0 0 1 1 :   1 
 0 1 0 0 :   1 
 0 1 0 1 :   1 
 0 1 1 0 :   1 
 0 1 1 1 :   1 
 1 0 0 0 :   1 
 1 0 0 1 :   1 
 1 0 1 0 :   1 
 1 0 1 1 :   1 
 1 1 0 0 :   1 
 1 1 0 1 :   1 
 1 1 1 0 :   1 
 1 1 1 1 :   1 

Score: 43.75
----------------------------------


Generation 68:

0 0 0 0 :   0 
 0 0 0 1 :   0 
 0 0 1 0 :   0 
 0 0 1 1 :   0 
 0 1 0 0 :   0 
 0 1 0 1 :   0 
 0 1 1 0 :   0 
 0 1 1 1 :   0 
 1 0 0 0 :   0 
 1 0 0 1 :   0 
 1 0 1 0 :   0 
 1 0 1 1 :   0 
 1 1 0 0 :   0 
 1 1 0 1 :   0 
 1 1 1 0 :   0 
 1 1 1 1 :   0 

Score: 56.25
----------------------------------


Generation 69:

0 0 0 0 :   0 
 0 0 0 1 :   0 
 0 0 1 0 :   0 
 0 0 1 1 :   0 
 0 1 0 0 :   0 
 0 1 0 1 :   0 
 0 1 1 0 :   0 
 0 1 1 1 :   0 
 1 0 0 0 :   0 
 1 0 0 1 :   0 
 1 0 1 0 :   0 
 1 0 1 1 :   0 
 1 1 0 0 :   0 
 1 1 0 1 :   0 
 1 1 1 0 :   0 
 1 1 1 1 :   0 

Score: 56.25
----------------------------------


Generation 70:

0 0 0 0 :   1 
 0 0 0 1 :   1 
 0 0 1 0 :   1 
 0 0 1 1 :   1 
 0 1 0 0 :   1 
 0 1 0 1 :   1 
 0 1 1 0 :   1 
 0 1 1 1 :   1 
 1 0 0 0 :   1 
 1 0 0 1 :   1 
 1 0 1 0 :   1 
 1 0 1 1 :   1 
 1 1 0 0 :   1 
 1 1 0 1 :   1 
 1 1 1 0 :   1 
 1 1 1 1 :   1 

Score: 43.75
----------------------------------


Generation 71:

0 0 0 0 :   1 
 0 0 0 1 :   1 
 0 0 1 0 :   1 
 0 0 1 1 :   1 
 0 1 0 0 :   1 
 0 1 0 1 :   1 
 0 1 1 0 :   1 
 0 1 1 1 :   1 
 1 0 0 0 :   1 
 1 0 0 1 :   1 
 1 0 1 0 :   1 
 1 0 1 1 :   1 
 1 1 0 0 :   1 
 1 1 0 1 :   1 
 1 1 1 0 :   1 
 1 1 1 1 :   1 

Score: 43.75
----------------------------------


Generation 72:

0 0 0 0 :   0 
 0 0 0 1 :   0 
 0 0 1 0 :   0 
 0 0 1 1 :   0 
 0 1 0 0 :   0 
 0 1 0 1 :   0 
 0 1 1 0 :   0 
 0 1 1 1 :   0 
 1 0 0 0 :   0 
 1 0 0 1 :   0 
 1 0 1 0 :   0 
 1 0 1 1 :   0 
 1 1 0 0 :   0 
 1 1 0 1 :   0 
 1 1 1 0 :   0 
 1 1 1 1 :   0 

Score: 56.25
----------------------------------


Generation 73:

0 0 0 0 :   1 
 0 0 0 1 :   1 
 0 0 1 0 :   1 
 0 0 1 1 :   1 
 0 1 0 0 :   1 
 0 1 0 1 :   1 
 0 1 1 0 :   1 
 0 1 1 1 :   1 
 1 0 0 0 :   1 
 1 0 0 1 :   1 
 1 0 1 0 :   1 
 1 0 1 1 :   1 
 1 1 0 0 :   1 
 1 1 0 1 :   1 
 1 1 1 0 :   1 
 1 1 1 1 :   1 

Score: 43.75
----------------------------------


Generation 74:

0 0 0 0 :   1 
 0 0 0 1 :   1 
 0 0 1 0 :   1 
 0 0 1 1 :   1 
 0 1 0 0 :   1 
 0 1 0 1 :   1 
 0 1 1 0 :   1 
 0 1 1 1 :   1 
 1 0 0 0 :   1 
 1 0 0 1 :   1 
 1 0 1 0 :   1 
 1 0 1 1 :   1 
 1 1 0 0 :   1 
 1 1 0 1 :   1 
 1 1 1 0 :   1 
 1 1 1 1 :   1 

Score: 43.75
----------------------------------


Generation 75:

0 0 0 0 :   1 
 0 0 0 1 :   1 
 0 0 1 0 :   1 
 0 0 1 1 :   1 
 0 1 0 0 :   1 
 0 1 0 1 :   1 
 0 1 1 0 :   1 
 0 1 1 1 :   1 
 1 0 0 0 :   1 
 1 0 0 1 :   1 
 1 0 1 0 :   1 
 1 0 1 1 :   1 
 1 1 0 0 :   1 
 1 1 0 1 :   1 
 1 1 1 0 :   1 
 1 1 1 1 :   1 

Score: 43.75
----------------------------------


Generation 76:

0 0 0 0 :   1 
 0 0 0 1 :   1 
 0 0 1 0 :   1 
 0 0 1 1 :   1 
 0 1 0 0 :   1 
 0 1 0 1 :   1 
 0 1 1 0 :   1 
 0 1 1 1 :   1 
 1 0 0 0 :   1 
 1 0 0 1 :   1 
 1 0 1 0 :   1 
 1 0 1 1 :   1 
 1 1 0 0 :   1 
 1 1 0 1 :   1 
 1 1 1 0 :   1 
 1 1 1 1 :   1 

Score: 43.75
----------------------------------


Generation 77:

0 0 0 0 :   0 
 0 0 0 1 :   0 
 0 0 1 0 :   0 
 0 0 1 1 :   0 
 0 1 0 0 :   0 
 0 1 0 1 :   0 
 0 1 1 0 :   0 
 0 1 1 1 :   0 
 1 0 0 0 :   0 
 1 0 0 1 :   0 
 1 0 1 0 :   0 
 1 0 1 1 :   0 
 1 1 0 0 :   0 
 1 1 0 1 :   0 
 1 1 1 0 :   0 
 1 1 1 1 :   0 

Score: 56.25
----------------------------------


Generation 78:

0 0 0 0 :   1 
 0 0 0 1 :   1 
 0 0 1 0 :   1 
 0 0 1 1 :   1 
 0 1 0 0 :   1 
 0 1 0 1 :   1 
 0 1 1 0 :   1 
 0 1 1 1 :   1 
 1 0 0 0 :   1 
 1 0 0 1 :   1 
 1 0 1 0 :   1 
 1 0 1 1 :   1 
 1 1 0 0 :   1 
 1 1 0 1 :   1 
 1 1 1 0 :   1 
 1 1 1 1 :   1 

Score: 43.75
----------------------------------


Generation 79:

0 0 0 0 :   1 
 0 0 0 1 :   1 
 0 0 1 0 :   1 
 0 0 1 1 :   1 
 0 1 0 0 :   1 
 0 1 0 1 :   1 
 0 1 1 0 :   1 
 0 1 1 1 :   1 
 1 0 0 0 :   1 
 1 0 0 1 :   1 
 1 0 1 0 :   1 
 1 0 1 1 :   1 
 1 1 0 0 :   1 
 1 1 0 1 :   1 
 1 1 1 0 :   1 
 1 1 1 1 :   1 

Score: 43.75
----------------------------------


Generation 80:

0 0 0 0 :   1 
 0 0 0 1 :   1 
 0 0 1 0 :   1 
 0 0 1 1 :   1 
 0 1 0 0 :   1 
 0 1 0 1 :   1 
 0 1 1 0 :   1 
 0 1 1 1 :   1 
 1 0 0 0 :   1 
 1 0 0 1 :   1 
 1 0 1 0 :   1 
 1 0 1 1 :   1 
 1 1 0 0 :   1 
 1 1 0 1 :   1 
 1 1 1 0 :   1 
 1 1 1 1 :   1 

Score: 43.75
----------------------------------


Generation 81:

0 0 0 0 :   1 
 0 0 0 1 :   1 
 0 0 1 0 :   1 
 0 0 1 1 :   1 
 0 1 0 0 :   1 
 0 1 0 1 :   1 
 0 1 1 0 :   1 
 0 1 1 1 :   1 
 1 0 0 0 :   1 
 1 0 0 1 :   1 
 1 0 1 0 :   1 
 1 0 1 1 :   1 
 1 1 0 0 :   1 
 1 1 0 1 :   1 
 1 1 1 0 :   1 
 1 1 1 1 :   1 

Score: 43.75
----------------------------------


Generation 82:

0 0 0 0 :   0 
 0 0 0 1 :   0 
 0 0 1 0 :   0 
 0 0 1 1 :   0 
 0 1 0 0 :   0 
 0 1 0 1 :   0 
 0 1 1 0 :   0 
 0 1 1 1 :   0 
 1 0 0 0 :   0 
 1 0 0 1 :   0 
 1 0 1 0 :   0 
 1 0 1 1 :   0 
 1 1 0 0 :   0 
 1 1 0 1 :   0 
 1 1 1 0 :   0 
 1 1 1 1 :   0 

Score: 56.25
----------------------------------


Generation 83:

0 0 0 0 :   1 
 0 0 0 1 :   0 
 0 0 1 0 :   1 
 0 0 1 1 :   0 
 0 1 0 0 :   1 
 0 1 0 1 :   0 
 0 1 1 0 :   1 
 0 1 1 1 :   0 
 1 0 0 0 :   0 
 1 0 0 1 :   1 
 1 0 1 0 :   0 
 1 0 1 1 :   1 
 1 1 0 0 :   0 
 1 1 0 1 :   1 
 1 1 1 0 :   0 
 1 1 1 1 :   1 

Score: 43.75
----------------------------------


Generation 84:

0 0 0 0 :   0 
 0 0 0 1 :   0 
 0 0 1 0 :   0 
 0 0 1 1 :   0 
 0 1 0 0 :   0 
 0 1 0 1 :   0 
 0 1 1 0 :   0 
 0 1 1 1 :   0 
 1 0 0 0 :   0 
 1 0 0 1 :   0 
 1 0 1 0 :   0 
 1 0 1 1 :   0 
 1 1 0 0 :   0 
 1 1 0 1 :   0 
 1 1 1 0 :   0 
 1 1 1 1 :   0 

Score: 56.25
----------------------------------


Generation 85:

0 0 0 0 :   1 
 0 0 0 1 :   1 
 0 0 1 0 :   1 
 0 0 1 1 :   1 
 0 1 0 0 :   1 
 0 1 0 1 :   1 
 0 1 1 0 :   1 
 0 1 1 1 :   1 
 1 0 0 0 :   1 
 1 0 0 1 :   1 
 1 0 1 0 :   1 
 1 0 1 1 :   1 
 1 1 0 0 :   1 
 1 1 0 1 :   1 
 1 1 1 0 :   1 
 1 1 1 1 :   1 

Score: 43.75
----------------------------------


Generation 86:

0 0 0 0 :   0 
 0 0 0 1 :   0 
 0 0 1 0 :   0 
 0 0 1 1 :   0 
 0 1 0 0 :   0 
 0 1 0 1 :   0 
 0 1 1 0 :   0 
 0 1 1 1 :   0 
 1 0 0 0 :   0 
 1 0 0 1 :   0 
 1 0 1 0 :   0 
 1 0 1 1 :   0 
 1 1 0 0 :   0 
 1 1 0 1 :   0 
 1 1 1 0 :   0 
 1 1 1 1 :   0 

Score: 56.25
----------------------------------


Generation 87:

0 0 0 0 :   1 
 0 0 0 1 :   1 
 0 0 1 0 :   1 
 0 0 1 1 :   1 
 0 1 0 0 :   1 
 0 1 0 1 :   1 
 0 1 1 0 :   1 
 0 1 1 1 :   1 
 1 0 0 0 :   1 
 1 0 0 1 :   1 
 1 0 1 0 :   1 
 1 0 1 1 :   1 
 1 1 0 0 :   1 
 1 1 0 1 :   1 
 1 1 1 0 :   1 
 1 1 1 1 :   1 

Score: 43.75
----------------------------------


Generation 88:

0 0 0 0 :   0 
 0 0 0 1 :   0 
 0 0 1 0 :   0 
 0 0 1 1 :   0 
 0 1 0 0 :   0 
 0 1 0 1 :   0 
 0 1 1 0 :   0 
 0 1 1 1 :   0 
 1 0 0 0 :   0 
 1 0 0 1 :   0 
 1 0 1 0 :   0 
 1 0 1 1 :   0 
 1 1 0 0 :   0 
 1 1 0 1 :   0 
 1 1 1 0 :   0 
 1 1 1 1 :   0 

Score: 56.25
----------------------------------


Generation 89:

0 0 0 0 :   0 
 0 0 0 1 :   0 
 0 0 1 0 :   0 
 0 0 1 1 :   0 
 0 1 0 0 :   0 
 0 1 0 1 :   0 
 0 1 1 0 :   0 
 0 1 1 1 :   0 
 1 0 0 0 :   0 
 1 0 0 1 :   0 
 1 0 1 0 :   0 
 1 0 1 1 :   0 
 1 1 0 0 :   0 
 1 1 0 1 :   0 
 1 1 1 0 :   0 
 1 1 1 1 :   0 

Score: 56.25
----------------------------------


Generation 90:

0 0 0 0 :   1 
 0 0 0 1 :   1 
 0 0 1 0 :   1 
 0 0 1 1 :   1 
 0 1 0 0 :   1 
 0 1 0 1 :   1 
 0 1 1 0 :   1 
 0 1 1 1 :   1 
 1 0 0 0 :   1 
 1 0 0 1 :   1 
 1 0 1 0 :   1 
 1 0 1 1 :   1 
 1 1 0 0 :   1 
 1 1 0 1 :   1 
 1 1 1 0 :   1 
 1 1 1 1 :   1 

Score: 43.75
----------------------------------


Generation 91:

0 0 0 0 :   1 
 0 0 0 1 :   1 
 0 0 1 0 :   1 
 0 0 1 1 :   1 
 0 1 0 0 :   1 
 0 1 0 1 :   1 
 0 1 1 0 :   1 
 0 1 1 1 :   1 
 1 0 0 0 :   1 
 1 0 0 1 :   1 
 1 0 1 0 :   1 
 1 0 1 1 :   1 
 1 1 0 0 :   1 
 1 1 0 1 :   1 
 1 1 1 0 :   1 
 1 1 1 1 :   1 

Score: 43.75
----------------------------------


Generation 92:

0 0 0 0 :   1 
 0 0 0 1 :   1 
 0 0 1 0 :   1 
 0 0 1 1 :   1 
 0 1 0 0 :   1 
 0 1 0 1 :   1 
 0 1 1 0 :   1 
 0 1 1 1 :   1 
 1 0 0 0 :   1 
 1 0 0 1 :   1 
 1 0 1 0 :   1 
 1 0 1 1 :   1 
 1 1 0 0 :   1 
 1 1 0 1 :   1 
 1 1 1 0 :   1 
 1 1 1 1 :   1 

Score: 43.75
----------------------------------


Generation 93:

0 0 0 0 :   1 
 0 0 0 1 :   1 
 0 0 1 0 :   1 
 0 0 1 1 :   1 
 0 1 0 0 :   1 
 0 1 0 1 :   1 
 0 1 1 0 :   1 
 0 1 1 1 :   1 
 1 0 0 0 :   1 
 1 0 0 1 :   1 
 1 0 1 0 :   1 
 1 0 1 1 :   1 
 1 1 0 0 :   1 
 1 1 0 1 :   1 
 1 1 1 0 :   1 
 1 1 1 1 :   1 

Score: 43.75
----------------------------------


Generation 94:

0 0 0 0 :   1 
 0 0 0 1 :   1 
 0 0 1 0 :   1 
 0 0 1 1 :   1 
 0 1 0 0 :   1 
 0 1 0 1 :   1 
 0 1 1 0 :   1 
 0 1 1 1 :   1 
 1 0 0 0 :   1 
 1 0 0 1 :   1 
 1 0 1 0 :   1 
 1 0 1 1 :   1 
 1 1 0 0 :   1 
 1 1 0 1 :   1 
 1 1 1 0 :   1 
 1 1 1 1 :   1 

Score: 43.75
----------------------------------


Generation 95:

0 0 0 0 :   0 
 0 0 0 1 :   0 
 0 0 1 0 :   0 
 0 0 1 1 :   0 
 0 1 0 0 :   0 
 0 1 0 1 :   0 
 0 1 1 0 :   0 
 0 1 1 1 :   0 
 1 0 0 0 :   0 
 1 0 0 1 :   0 
 1 0 1 0 :   0 
 1 0 1 1 :   0 
 1 1 0 0 :   0 
 1 1 0 1 :   0 
 1 1 1 0 :   0 
 1 1 1 1 :   0 

Score: 56.25
----------------------------------


Generation 96:

0 0 0 0 :   1 
 0 0 0 1 :   1 
 0 0 1 0 :   1 
 0 0 1 1 :   1 
 0 1 0 0 :   1 
 0 1 0 1 :   1 
 0 1 1 0 :   1 
 0 1 1 1 :   1 
 1 0 0 0 :   1 
 1 0 0 1 :   1 
 1 0 1 0 :   1 
 1 0 1 1 :   1 
 1 1 0 0 :   1 
 1 1 0 1 :   1 
 1 1 1 0 :   1 
 1 1 1 1 :   1 

Score: 43.75
----------------------------------


Generation 97:

0 0 0 0 :   0 
 0 0 0 1 :   0 
 0 0 1 0 :   0 
 0 0 1 1 :   0 
 0 1 0 0 :   0 
 0 1 0 1 :   0 
 0 1 1 0 :   0 
 0 1 1 1 :   0 
 1 0 0 0 :   0 
 1 0 0 1 :   0 
 1 0 1 0 :   0 
 1 0 1 1 :   0 
 1 1 0 0 :   0 
 1 1 0 1 :   0 
 1 1 1 0 :   0 
 1 1 1 1 :   0 

Score: 56.25
----------------------------------


Generation 98:

0 0 0 0 :   1 
 0 0 0 1 :   1 
 0 0 1 0 :   1 
 0 0 1 1 :   1 
 0 1 0 0 :   1 
 0 1 0 1 :   1 
 0 1 1 0 :   1 
 0 1 1 1 :   1 
 1 0 0 0 :   1 
 1 0 0 1 :   1 
 1 0 1 0 :   1 
 1 0 1 1 :   1 
 1 1 0 0 :   1 
 1 1 0 1 :   1 
 1 1 1 0 :   1 
 1 1 1 1 :   1 

Score: 43.75
----------------------------------


Generation 99:

0 0 0 0 :   1 
 0 0 0 1 :   1 
 0 0 1 0 :   1 
 0 0 1 1 :   1 
 0 1 0 0 :   1 
 0 1 0 1 :   1 
 0 1 1 0 :   1 
 0 1 1 1 :   1 
 1 0 0 0 :   1 
 1 0 0 1 :   1 
 1 0 1 0 :   1 
 1 0 1 1 :   1 
 1 1 0 0 :   1 
 1 1 0 1 :   1 
 1 1 1 0 :   1 
 1 1 1 1 :   1 

Score: 43.75
----------------------------------


